PO_314;Sub_25;Sub_657;Sub_1082;Sub_1079;
Sub_25;(0,0,25);(178,0,0);(0,0,117);(0,107,49);
Sub_657;(0,0,27);(0,0,28);(0,0,117);(0,107,49);
Sub_1082;(0,0,0);(0,0,0);(0,0,0);(0,0,0);
Sub_1079;(0,0,0);(0,0,0);(117,0,0);(0,0,0);
