PO_605;Sub_25;Sub_657;Sub_665;Sub_17;
Sub_25;(0,1,46);(156,0,2);(0,0,44);(0,28,26);
Sub_657;(36,1,18);(0,1,48);(1,0,45);(0,25,29);
Sub_665;(2,0,124);(2,0,126);(0,0,7);(0,81,52);
Sub_17;(156,0,0);(162,0,0);(0,0,27);(0,12,5);
